DataTest 1
0.00 0.00 0.00 0.00 0.00 0.00 0.00 0.00 0.00 0.00 

DataTest 2
3.56 3.56 3.56 3.56 3.56 3.56 3.56 3.56 3.56 3.56 3.56 3.56 3.56 3.56 

DataTest 3
130

DataTest 4
17
5
3.56 3.56 3.56 3.56 3.56 

DataTest 5
3.56 3.56 3.56 3.56 3.56 1.11 3.56 3.56 3.56 3.56 3.56 3.56 3.56 3.99 5.66 

DataTest 6
88.50

GradeTest 1
10 9

GradeTest 2
0.00 0.00 0.00 0.00 0.00 0.00 0.00 0.00 0.00 
0.00 0.00 0.00 0.00 0.00 0.00 0.00 0.00 0.00 
0.00 0.00 0.00 0.00 0.00 0.00 0.00 0.00 0.00 
0.00 0.00 0.00 0.00 0.00 0.00 0.00 0.00 0.00 
0.00 0.00 0.00 0.00 0.00 0.00 0.00 0.00 0.00 
0.00 0.00 0.00 0.00 0.00 0.00 0.00 0.00 0.00 
0.00 0.00 0.00 0.00 0.00 0.00 0.00 0.00 0.00 
0.00 0.00 0.00 0.00 0.00 0.00 0.00 0.00 0.00 
0.00 0.00 0.00 0.00 0.00 0.00 0.00 0.00 0.00 
0.00 0.00 0.00 0.00 0.00 0.00 0.00 0.00 0.00 

GradeTest 3
67.00 34.00 56.00 64.00 87.00 
78.00 66.00 91.00 79.00 90.00 
45.00 59.00 91.00 99.00 100.00 
70.00 73.00 54.00 89.00 33.00 
89.00 81.00 67.00 95.00 98.00 

GradeTest 4
67.00 34.00 56.00 64.00 87.00 
78.00 66.00 91.00 79.00 90.00 
45.00 59.00 91.00 99.00 100.00 
70.00 73.00 54.00 89.00 33.00 
89.00 81.00 67.00 95.00 98.00 

GradeTest 5
308.00 218.00
404.00 260.00
394.00 290.00
319.00 232.00
430.00 282.00
2

GradeTest 6
[0.00,50.00] - 0
[50.00,100.00] - 0
[100.00,150.00] - 1
[150.00,200.00] - 1
[200.00,250.00] - 1
[250.00,300.00] - 2

GradeTest 7
4
247.45
21.63
